47
0,0,21,65,33,64,56,63,13,192,102,191,230,63,33,63,182,61,217,63,11,190,181,71,112,113
0,1,16,193,40,63,101,64,16,65,123,191,102,63,30,63,182,62,221,62,12,190,181,71,112,113
0,2,24,193,81,63,250,64,27,65,165,191,12,63,24,63,192,62,238,62,9,190,181,71,112,113
0,3,18,193,87,63,162,64,8,65,205,191,175,63,17,63,200,62,251,62,7,190,181,71,112,113
0,4,17,193,204,63,14,64,23,65,241,191,42,63,16,63,214,62,252,62,2,190,181,71,112,113
0,5,29,193,15,63,46,64,33,65,220,191,72,63,12,63,229,62,1,62,251,190,181,71,112,113
0,6,26,193,25,63,33,64,25,65,32,191,0,63,13,63,227,62,2,62,250,190,181,71,112,113
0,7,26,193,35,63,17,64,24,65,72,191,32,63,12,63,228,62,3,63,249,190,181,71,112,113
0,8,29,193,43,63,245,64,24,65,72,192,42,64,8,63,235,62,4,62,247,190,181,71,112,113
0,9,27,193,15,65,168,64,26,65,140,193,102,64,5,63,242,62,5,63,246,190,181,71,112,113
0,10,28,63,76,64,204,190,26,65,72,64,150,189,4,63,244,62,6,63,245,190,181,71,112,113
0,11,27,64,5,64,174,191,25,191,160,192,92,191,3,63,245,62,6,63,246,190,181,71,112,113
0,12,27,191,117,191,168,64,24,191,113,191,123,63,2,63,246,62,5,63,247,190,181,71,112,113
0,13,28,193,15,191,48,63,24,65,32,63,150,63,1,63,249,62,6,63,246,190,181,71,112,113
0,14,27,193,15,191,33,64,25,65,160,63,170,62,0,63,251,62,6,63,245,190,181,71,112,113
0,15,28,193,25,191,12,63,25,65,241,191,155,63,1,63,249,62,6,63,246,190,181,71,112,113
0,16,28,193,25,62,209,64,25,65,32,191,130,63,1,63,249,62,6,63,247,190,181,71,112,113
0,17,6,193,160,188,8,64,170,65,241,191,154,63,253,63,226,62,252,63,15,190,181,71,112,113
0,18,252,193,15,63,175,63,225,65,241,191,159,63,48,63,153,62,175,63,16,190,181,71,112,113
0,19,8,62,184,63,115,64,19,64,62,189,185,63,38,63,170,61,203,63,13,190,181,71,112,113
0,20,105,194,190,190,90,192,160,65,150,192,244,192,6,63,3,62,233,63,0,190,181,71,112,113
0,21,96,193,132,65,137,64,160,66,42,192,150,191,12,63,18,62,233,63,207,189,181,71,112,113
0,22,8,193,117,63,189,63,62,65,17,192,52,63,15,63,21,62,227,63,199,190,181,71,112,113
0,23,6,64,254,64,163,190,92,64,55,192,145,192,11,63,21,61,219,63,216,190,181,71,112,113
0,24,9,192,195,191,208,64,12,64,235,191,180,63,7,63,14,61,211,63,250,190,181,71,112,113
0,25,16,193,203,191,158,64,10,65,32,63,0,64,4,63,3,61,196,63,16,190,181,71,112,113
0,26,40,193,184,190,69,64,246,65,10,62,190,64,4,63,230,62,178,63,36,190,181,71,112,113
0,27,255,192,30,63,176,64,246,65,102,190,155,64,9,63,181,62,153,63,52,190,181,71,112,113
0,28,5,193,199,62,238,64,251,65,215,191,208,64,16,63,137,62,136,62,60,190,181,71,112,113
0,29,215,193,180,190,12,64,10,65,42,191,230,64,22,63,82,62,132,62,60,190,181,71,112,113
0,30,131,193,171,191,16,64,133,65,55,63,5,64,25,63,246,62,116,62,65,190,181,71,112,113
0,31,131,192,26,192,21,64,123,65,118,63,6,64,26,63,161,61,130,62,64,191,181,71,112,113
0,32,104,192,110,192,10,65,92,64,125,63,243,64,28,63,80,61,138,62,62,191,181,71,112,113
0,33,113,192,96,192,6,65,107,64,150,63,247,64,26,63,55,61,147,62,62,191,181,71,112,113
0,34,131,192,101,192,6,64,105,64,139,64,227,64,24,63,71,60,149,62,63,191,181,71,112,113
0,35,141,192,115,192,12,64,100,64,141,64,219,64,23,63,91,60,152,62,63,191,181,71,112,113
0,36,114,192,80,192,236,64,118,64,148,64,230,64,25,63,89,60,153,62,61,191,181,71,112,113
0,37,150,192,62,192,249,64,140,64,134,64,215,64,29,63,154,60,164,62,55,191,181,71,112,113
0,38,166,192,58,192,237,64,154,64,134,64,212,64,32,63,178,61,169,62,51,191,181,71,112,113
0,39,170,192,79,192,238,64,159,64,130,64,205,64,33,63,198,61,173,62,49,191,181,71,112,113
0,40,173,192,81,192,234,64,160,64,115,64,202,64,32,63,209,60,175,62,48,191,181,71,112,113
0,41,184,192,81,192,237,64,168,64,129,64,197,64,32,63,230,60,178,62,48,191,181,71,112,113
0,42,191,192,72,192,224,64,174,64,118,64,187,64,32,63,0,60,182,62,46,191,181,71,112,113
0,43,195,192,73,192,218,64,189,64,115,64,188,64,32,63,15,60,186,62,44,191,181,71,112,113
0,44,196,192,44,192,215,64,188,64,95,64,178,64,33,63,20,60,186,62,43,191,181,71,112,113
0,45,182,192,62,192,199,64,190,64,97,64,178,64,32,63,17,60,186,62,44,191,181,71,112,113
0,46,252,192,207,192,175,64,246,64,246,64,151,64,213,63,236,61,132,62,98,191,181,71,112,113
