42
0,0,28,194,208,192,250,192,47,66,5,64,135,192,50,63,196,62,24,63,199,189,181,71,112,113,0
1,35,65,28,65,6,193,82,192,149,193,20,192,38,63,168,62,34,63,130,190,181,71,112,113,0,2
188,64,218,63,46,191,161,192,40,192,72,190,32,63,119,62,32,63,200,190,181,71,112,113,0,3,235
192,222,191,179,63,143,64,15,64,32,62,36,63,94,62,32,63,196,190,181,71,112,113,0,4,59,193
249,191,232,63,70,65,185,63,62,63,41,63,104,62,32,63,174,190,181,71,112,113,0,5,62,193,17
191,9,64,75,65,32,63,155,63,51,63,116,62,25,63,157,190,181,71,112,113,0,6,51,193,163,189
37,64,62,65,12,191,195,63,57,63,120,62,20,63,145,190,181,71,112,113,0,7,33,193,179,62,28
64,51,65,42,191,175,63,59,63,119,62,19,63,139,190,181,71,112,113,0,8,25,193,84,63,15,64
37,65,140,191,130,63,59,63,119,62,19,63,139,190,181,71,112,113,0,9,38,193,0,0,39,64,52
65,130,191,145,63,57,63,118,62,19,63,149,190,181,71,112,113,0,10,45,193,245,61,33,64,57,65
2,191,175,63,53,63,112,62,20,63,164,190,181,71,112,113,0,11,31,193,51,191,48,63,55,65,12
63,62,63,47,63,96,62,24,63,183,190,181,71,112,113,0,12,120,192,130,191,39,64,128,64,140,62
195,63,50,63,85,62,18,63,192,190,181,71,112,113,0,13,151,191,23,64,102,64,180,63,2,192,30
64,48,63,117,62,15,63,202,190,181,71,112,113,0,14,97,193,43,64,18,64,62,64,87,192,92,63
53,63,161,62,10,63,167,190,181,71,112,113,0,15,155,193,171,64,194,190,144,65,155,191,160,191,57
63,200,62,0,63,132,190,181,71,112,113,0,16,28,194,147,63,56,192,5,66,34,193,135,191,52,63
204,62,15,63,34,190,181,71,112,113,0,17,109,65,99,65,56,192,30,192,121,193,166,192,53,63,142
62,7,63,192,190,181,71,112,113,0,18,146,65,192,64,158,62,176,193,233,192,5,192,51,63,101,62
6,63,217,190,181,71,112,113,0,19,46,193,132,64,8,64,30,65,134,192,32,61,58,63,220,62,247
62,97,190,181,71,112,113,0,20,197,193,166,65,143,192,182,64,62,193,171,192,44,63,207,62,24,63
47,190,181,71,112,113,0,21,138,193,243,63,28,192,41,66,92,192,28,193,54,63,189,62,24,63,144
189,181,71,112,113,0,22,162,192,154,64,21,64,148,64,208,192,130,63,71,63,187,62,254,62,200,189
181,71,112,113,0,23,246,192,153,64,92,64,16,65,174,192,150,63,75,63,179,62,248,62,179,189,181
71,112,113,0,24,5,193,103,64,99,64,13,65,138,192,25,64,78,63,172,62,243,62,209,189,181,71
112,113,0,25,3,193,126,64,117,64,8,65,145,192,40,64,79,63,172,62,235,62,1,190,181,71,112
113,0,26,243,192,106,64,129,64,0,65,146,192,52,64,80,63,171,62,227,62,34,190,181,71,112,113
0,27,249,192,121,64,145,64,9,65,135,192,67,64,80,63,165,62,222,62,92,190,181,71,112,113,0
28,9,193,192,63,124,64,146,65,205,191,85,64,73,63,143,62,226,62,164,190,181,71,112,113,0,29
221,192,218,63,196,64,23,65,200,191,144,64,71,63,111,62,212,62,208,190,181,71,112,113,0,30,214
192,240,191,202,64,243,64,180,62,161,64,56,63,35,62,236,62,252,190,181,71,112,113,0,31,197,192
225,190,182,64,23,65,159,64,130,64,49,63,25,62,238,62,7,191,181,71,112,113,0,32,207,192,63
192,198,64,230,64,12,64,168,64,40,63,6,62,237,62,20,191,181,71,112,113,0,33,227,192,96,192
186,64,235,64,35,64,165,64,38,63,6,62,236,62,22,191,181,71,112,113,0,34,196,192,61,192,213
64,233,64,40,64,174,64,36,63,7,62,223,62,29,191,181,71,112,113,0,35,210,192,108,192,214,64
233,64,60,64,187,64,33,63,4,62,218,62,34,191,181,71,112,113,0,36,203,192,93,192,212,64,223
64,57,64,192,64,31,63,247,61,215,62,37,191,181,71,112,113,0,37,198,192,122,192,206,64,217,64
57,64,184,64,30,63,232,61,216,62,38,191,181,71,112,113,0,38,182,192,99,192,221,64,210,64,75
64,189,64,30,63,226,61,214,62,40,191,181,71,112,113,0,39,191,192,113,192,220,64,222,64,77,64
188,64,29,63,214,61,211,62,41,191,181,71,112,113,0,40,199,192,127,192,209,64,215,64,87,64,200
64,30,63,199,61,206,62,43,191,181,71,112,113,0,41,133,192,42,192,2,65,154,64,5,64,232,64
45,63,109,61,144,62,45,191,181,71,112,113,###,###,###,###,###,###,###,###,###,###,###,###,###,###,###
###,###,###,###,###,###,###,###,###,###,###,###,###,###,###,###,###,###,###,###,###,###,###,###,###,###,###
